7 22 1
7 23 7
7 24 1
7 26 15
7 26 20
7 27 7
7 28 9
7 28 20
7 28 40
7 29 46
7 29 46
7 31 21
7 32 37
7 35 52
7 36 39
7 37 25
7 39 25
7 42 20
7 42 20
7 42 20
7 43 42
7 43 52
7 44 34
7 45 36
7 45 36
7 47 4
7 47 43
7 48 48
7 48 48
7 49 34
7 50 12
7 53 16
7 53 31
7 54 25
7 55 51
7 57 30
7 58 54
7 58 54
7 58 54
7 59 36
7 59 55
8 0 45
8 0 45
8 2 11
8 3 35
8 3 35
8 3 35
8 4 39
8 4 39
8 5 13
8 5 31
8 6 29
8 7 14
8 7 14
8 8 10
8 8 10
8 8 40
8 8 40
8 10 59
8 12 32
8 13 21
8 13 26
8 14 58
8 14 58
8 15 56
8 17 0
8 19 46
8 20 42
8 22 12
8 24 8
8 24 38
8 24 50
8 24 50
8 25 38
8 27 1
8 27 52
8 29 27
8 31 21
8 33 50
8 34 7
8 34 34
8 36 21
8 37 32
8 37 55
8 39 29
8 39 29
8 39 47
8 39 49
8 41 22
8 42 45
8 42 45
8 43 35
8 44 52
8 44 52
8 47 18
8 47 48
8 47 48
8 50 59
8 50 59
8 52 52
8 55 57
8 55 57
8 55 57
8 56 38
8 58 0
8 58 12
8 58 12
8 58 12
9 1 16
9 4 0
9 5 45
9 5 48
9 6 5
9 8 14
9 8 19
9 10 13
9 10 13
9 10 55
9 11 7
9 11 29
9 13 48
9 13 48
9 15 51
9 17 54
9 17 54
9 18 7
9 20 54
9 20 54
9 21 18
9 21 23
9 22 7
9 22 38
9 22 38
9 23 44
9 23 44
9 24 22
9 24 48
9 28 6
9 28 6
9 29 38
9 30 47
9 31 31
9 31 53
9 32 5
9 33 59
9 34 48
9 34 48
9 34 48
9 35 39
9 37 6
9 37 43
9 37 43
9 38 38
9 39 58
9 40 2
9 41 39
9 43 0
9 44 4
9 44 35
9 45 48
9 47 28
9 47 28
9 47 28
9 48 28
9 48 57
9 50 40
9 52 4
9 53 19
9 53 19
9 53 19
9 55 29
9 56 23
9 58 51
9 59 17
10 1 58
10 1 58
10 2 56
10 3 50
10 3 50
10 6 1
10 9 31
10 9 31
10 11 6
10 12 22
10 13 8
10 13 22
10 13 32
10 15 26
10 15 43
10 16 37
10 20 2
10 21 8
10 21 8
10 23 21
10 25 33
10 28 5
10 30 18
10 30 18
10 31 37
10 33 0
10 33 0
10 33 5
10 35 19
10 36 33
10 36 33
10 37 0
10 38 3
10 38 47
10 39 37
10 40 39
10 41 48
10 44 1
10 44 51
10 45 0
10 46 32
10 47 13
10 50 14
10 50 14
10 51 29
10 51 29
10 52 55
10 55 8
10 57 52
11 1 9
11 2 3
11 2 3
11 2 54
11 2 54
11 5 6
11 5 32
11 7 16
11 8 10
11 10 28
11 10 28
11 10 28
11 11 28
11 13 10
11 13 10
11 17 7
11 17 32
11 19 7
11 19 22
11 20 59
11 22 2
11 22 2
11 22 30
11 24 23
11 24 23
11 25 35
11 27 32
11 27 32
11 27 32
11 28 27
11 29 32
11 32 19
11 32 19
11 32 19
11 32 19
11 35 5
11 35 36
11 36 53
11 37 24
11 37 24
11 40 17
11 40 25
11 42 2
11 42 38
11 42 39
11 44 35
11 44 35
11 46 3
11 50 51
11 50 51
11 52 20
11 52 30
11 52 30
11 53 53
11 53 53
11 55 19
11 56 56
11 57 18
11 57 18
11 57 18
11 59 29
11 59 29
11 59 29
12 2 55
12 3 52
12 4 6
12 4 22
12 4 50
12 5 13
12 7 56
12 9 31
12 10 47
12 10 59
12 13 9
12 14 12
12 14 12
12 15 27
12 17 7
12 19 37
12 20 55
12 21 29
12 23 15
12 23 15
12 23 15
12 23 15
12 23 15
12 23 31
12 25 47
12 25 47
12 25 49
12 27 43
12 27 43
12 27 43
12 28 18
12 29 14
12 30 54
12 31 37
12 33 19
12 33 46
12 34 46
12 35 46
12 36 38
12 38 10
12 38 51
12 41 7
12 41 51
12 41 55
12 41 55
12 42 47
12 44 34
12 45 10
12 46 37
12 47 45
12 48 45
12 49 7
12 49 51
12 51 31
12 51 36
12 53 40
12 53 46
12 54 4
12 57 7
12 57 21
12 59 50
13 0 15
13 3 48
13 3 48
13 3 48
13 4 28
13 6 43
13 6 43
13 6 49
13 8 12
13 8 12
13 12 49
13 12 49
13 13 58
13 16 26
13 16 26
13 16 26
13 17 46
13 17 46
13 18 57
13 21 10
13 21 15
13 21 15
13 21 15
13 23 40
13 23 40
13 24 53
13 25 44
13 26 14
13 26 41
13 26 41
13 27 24
13 30 39
13 32 21
13 33 38
13 34 1
13 34 18
13 35 12
13 41 11
13 41 21
13 43 27
13 44 42
13 46 19
13 46 19
13 46 38
13 47 42
13 48 39
13 50 8
13 51 0
13 51 43
13 54 22
13 57 26
13 58 55
14 0 24
14 1 53
14 2 16
14 3 17
14 4 14
14 5 28
14 5 52
14 5 52
14 6 42
14 6 42
14 8 25
14 8 25
14 8 59
14 8 59
14 10 25
14 11 1
14 11 1
14 11 20
14 11 23
14 12 41
14 14 15
14 14 15
14 15 57
14 15 57
14 16 1
14 18 10
14 19 55
14 20 51
14 22 46
14 24 4
14 24 13
14 26 53
14 28 33
14 29 39
14 30 5
14 31 22
14 31 28
14 32 57
14 32 57
14 34 10
14 34 45
14 37 8
14 37 8
14 37 43
14 37 43
14 38 34
14 38 58
14 39 34
14 39 34
14 39 36
14 40 7
14 41 6
14 41 6
14 42 49
14 42 49
14 43 42
14 43 42
14 43 42
14 44 41
14 45 5
14 45 38
14 47 37
14 49 21
14 50 4
14 50 4
14 52 16
14 52 29
14 52 29
14 53 40
14 53 40
14 53 40
14 55 24
14 55 24
14 56 19
14 56 19
14 58 20
14 58 20
15 0 26
15 0 26
15 0 35
15 3 52
15 4 10
15 5 23
15 8 55
15 10 35
15 10 35
15 12 37
15 12 44
15 15 42
15 15 42
15 17 49
15 17 49
15 18 26
15 18 45
15 18 45
15 19 54
15 20 10
15 20 44
15 20 48
15 24 30
15 24 30
15 24 30
15 25 44
15 26 36
15 27 2
15 28 47
15 29 6
15 29 6
15 30 6
15 31 6
15 31 41
15 32 7
15 32 7
15 33 42
15 34 1
15 34 1
15 35 11
15 35 47
15 36 34
15 39 46
15 41 10
15 41 20
15 41 20
15 43 40
15 45 4
15 45 4
15 45 42
15 48 15
15 49 22
15 52 1
15 52 1
15 53 5
15 53 44
15 54 53
15 56 42
15 58 32
16 0 59
16 1 17
16 1 17
16 1 17
16 1 17
16 2 54
16 2 54
16 5 20
16 5 57
16 7 34
16 7 36
16 9 6
16 9 6
16 9 6
16 9 6
16 9 6
16 9 52
16 13 45
16 14 48
16 14 48
16 14 58
16 14 58
16 17 17
16 20 31
16 21 12
16 21 12
16 21 49
16 25 23
