1105
7 21 1 60 F
7 21 58 69 F
7 22 4 117 F
7 22 39 155 A
7 23 11 99 A
7 23 31 164 F
7 23 33 167 F
7 24 11 121 A
7 24 56 142 A
7 25 29 98 F
7 26 24 105 F
7 26 27 113 F
7 26 29 159 A
7 26 34 126 F
7 27 27 108 A
7 27 28 138 F
7 28 18 41 F
7 29 18 123 F
7 30 7 73 A
7 31 5 67 A
7 31 35 62 F
7 32 7 82 A
7 32 48 44 A
7 33 5 43 A
7 33 58 60 A
7 34 2 132 A
7 34 12 100 F
7 34 20 167 A
7 34 43 116 F
7 35 1 120 A
7 35 56 89 F
7 36 47 49 A
7 37 43 88 A
7 38 18 67 F
7 38 19 136 A
7 38 50 47 A
7 39 36 46 A
7 39 48 152 F
7 40 27 67 F
7 41 2 64 F
7 41 43 119 F
7 41 49 92 A
7 42 10 102 F
7 42 15 98 A
7 42 31 170 A
7 43 14 80 F
7 43 24 46 A
7 43 31 125 F
7 44 6 74 F
7 44 6 46 A
7 45 5 119 F
7 45 13 150 F
7 45 53 175 F
7 46 43 51 F
7 47 22 132 F
7 47 40 164 A
7 48 4 160 A
7 48 27 105 F
7 49 17 176 A
7 49 49 75 A
7 50 4 53 A
7 50 58 138 F
7 51 3 148 F
7 51 47 158 F
7 52 23 142 A
7 53 23 148 F
7 53 57 92 A
7 54 21 64 A
7 55 12 109 A
7 55 40 110 F
7 56 8 112 A
7 56 20 154 F
7 57 0 98 F
7 57 3 77 F
7 57 7 112 A
7 57 14 142 F
7 58 5 123 A
7 58 21 94 F
7 58 42 117 A
7 58 58 107 F
7 59 10 58 F
7 59 19 172 F
7 59 35 51 A
8 0 21 136 A
8 0 38 177 F
8 0 43 73 F
8 1 22 66 F
8 1 31 179 A
8 2 27 120 A
8 2 42 117 F
8 2 55 178 A
8 2 59 44 F
8 3 3 130 F
8 3 3 156 A
8 3 12 58 A
8 3 18 133 F
8 4 11 138 F
8 4 25 43 A
8 4 37 157 F
8 5 7 125 F
8 5 12 178 F
8 5 49 153 A
8 6 32 44 F
8 6 36 124 F
8 7 5 83 F
8 7 43 178 A
8 8 33 146 F
8 9 4 74 A
8 10 0 122 A
8 10 6 146 F
8 11 5 136 F
8 11 55 91 F
8 12 31 147 F
8 12 36 87 F
8 13 31 145 F
8 14 16 137 A
8 14 50 130 F
8 15 24 112 A
8 15 54 60 A
8 16 18 152 A
8 17 9 157 F
8 17 32 162 A
8 17 55 65 A
8 18 50 112 F
8 19 22 95 A
8 20 6 126 F
8 20 47 89 A
8 21 21 167 F
8 22 9 149 F
8 22 56 114 F
8 23 3 98 F
8 23 55 103 F
8 24 43 138 F
8 25 4 79 A
8 25 5 75 A
8 25 51 146 A
8 26 43 101 A
8 26 46 66 F
8 26 53 141 A
8 27 44 144 A
8 27 56 147 A
8 28 3 84 F
8 28 49 122 A
8 28 56 156 A
8 28 59 142 F
8 29 51 95 A
8 30 35 77 A
8 30 57 173 F
8 31 42 166 A
8 31 51 136 F
8 32 41 64 A
8 33 21 139 A
8 33 43 169 A
8 33 49 45 F
8 34 11 94 A
8 34 21 120 F
8 35 6 100 A
8 35 58 94 F
8 36 25 90 F
8 36 32 177 F
8 36 47 92 F
8 37 41 72 A
8 38 33 74 F
8 38 53 97 A
8 39 4 45 F
8 39 57 85 F
8 40 0 62 A
8 40 49 157 A
8 41 19 86 F
8 41 35 45 F
8 42 33 62 F
8 42 42 130 F
8 43 35 55 F
8 44 14 149 A
8 44 22 176 F
8 44 37 91 A
8 44 52 176 F
8 45 43 58 F
8 46 18 80 A
8 47 10 155 A
8 47 35 109 A
8 48 8 90 A
8 48 55 124 F
8 49 17 149 A
8 49 55 50 F
8 50 13 159 F
8 50 39 103 A
8 50 42 62 A
8 51 21 104 A
8 52 10 113 A
8 52 30 149 A
8 53 9 168 F
8 53 18 145 F
8 54 17 53 F
8 54 25 59 A
8 55 0 98 F
8 55 13 167 F
8 55 37 155 F
8 55 42 60 F
8 55 47 111 F
8 56 45 59 A
8 57 25 163 A
8 58 4 126 A
8 58 6 60 A
8 58 25 166 A
8 59 24 112 F
9 0 7 147 A
9 1 1 154 A
9 1 3 177 F
9 2 0 166 A
9 2 42 75 A
9 2 51 174 F
9 3 38 130 F
9 4 30 179 A
9 4 41 41 A
9 5 12 53 F
9 5 46 148 F
9 5 52 147 F
9 6 26 57 A
9 7 0 177 A
9 7 32 71 A
9 7 50 143 F
9 8 40 65 F
9 9 10 105 F
9 9 25 102 F
9 9 32 179 A
9 9 44 105 F
9 10 17 64 A
9 10 56 97 A
9 11 11 157 F
9 11 52 71 F
9 12 52 83 A
9 13 39 132 F
9 13 59 166 A
9 14 57 177 F
9 15 25 135 F
9 15 55 84 A
9 15 58 167 A
9 16 55 125 A
9 17 4 99 A
9 17 14 53 F
9 17 29 179 A
9 18 20 154 F
9 18 21 76 A
9 18 29 76 F
9 18 33 165 F
9 18 52 151 F
9 19 23 164 F
9 20 9 149 F
9 20 37 118 F
9 20 50 174 F
9 21 43 119 F
9 22 16 174 A
9 22 46 96 F
9 23 40 147 A
9 24 0 48 F
9 24 23 133 A
9 24 33 64 A
9 25 26 160 F
9 26 13 65 F
9 26 37 70 A
9 26 47 143 A
9 27 14 144 F
9 27 57 44 A
9 28 16 151 F
9 28 45 166 F
9 29 19 154 F
9 29 26 82 A
9 30 15 153 A
9 30 31 94 F
9 30 43 157 A
9 31 2 177 F
9 31 3 134 A
9 31 56 172 F
9 32 0 122 F
9 32 6 135 F
9 32 49 178 A
9 33 45 114 F
9 34 40 146 F
9 34 53 145 A
9 35 4 159 F
9 35 10 147 A
9 35 36 73 F
9 35 57 163 A
9 36 22 129 A
9 37 15 100 A
9 37 23 87 A
9 37 33 65 F
9 37 56 122 F
9 38 30 92 F
9 39 2 138 A
9 39 8 113 A
9 39 25 134 F
9 40 18 126 A
9 40 43 137 F
9 41 13 171 F
9 41 53 132 A
9 42 51 109 A
9 43 19 76 F
9 43 42 126 F
9 43 50 73 A
9 44 48 160 F
9 45 22 59 F
9 46 1 50 F
9 46 40 129 A
9 47 29 59 F
9 47 45 72 F
9 48 13 147 F
9 49 10 174 F
9 49 23 52 A
9 50 15 65 A
9 51 5 74 A
9 51 43 96 F
9 51 46 41 F
9 52 0 74 F
9 52 23 138 A
9 53 4 163 A
9 54 0 85 A
9 54 27 62 F
9 54 39 157 A
9 55 2 81 F
9 55 37 46 A
9 56 10 161 F
9 56 45 101 A
9 57 32 57 A
9 58 5 72 F
9 58 30 64 A
9 59 29 149 F
9 59 53 111 A
10 0 24 64 F
10 1 9 107 F
10 1 14 156 F
10 1 15 52 F
10 1 36 178 A
10 2 7 160 A
10 2 58 50 A
10 3 19 179 A
10 3 37 144 F
10 4 27 130 A
10 5 11 139 A
10 5 51 113 A
10 6 46 165 F
10 7 19 62 F
10 7 25 146 A
10 8 8 178 F
10 8 29 51 A
10 8 59 122 A
10 9 38 164 F
10 10 26 162 F
10 10 38 96 A
10 11 14 128 F
10 12 7 85 F
10 12 33 66 A
10 13 25 106 A
10 13 35 111 F
10 14 8 95 F
10 14 28 139 A
10 15 5 92 A
10 15 45 52 F
10 16 36 41 A
10 17 12 170 F
10 17 50 93 A
10 18 48 140 F
10 19 27 63 F
10 20 1 170 A
10 20 43 109 A
10 21 33 60 A
10 21 41 114 A
10 21 58 71 A
10 22 1 80 F
10 22 54 159 F
10 23 52 48 A
10 24 6 148 A
10 25 2 147 A
10 25 31 156 A
10 25 35 77 A
10 26 21 103 A
10 27 19 46 F
10 27 58 64 A
10 28 38 100 F
10 29 19 58 F
10 29 52 81 A
10 30 11 86 F
10 30 18 162 F
10 31 17 65 F
10 32 3 90 A
10 32 20 45 F
10 33 17 166 A
10 33 39 100 F
10 33 48 111 A
10 34 17 136 F
10 34 25 145 A
10 34 27 60 A
10 34 30 64 F
10 34 49 75 A
10 35 3 117 F
10 35 21 100 A
10 35 42 141 F
10 35 58 169 F
10 36 48 64 A
10 37 36 79 A
10 38 23 40 A
10 38 48 49 F
10 39 41 58 F
10 40 33 75 F
10 40 59 65 A
10 41 17 128 A
10 41 40 116 A
10 42 36 85 F
10 43 27 84 F
10 43 39 101 A
10 43 41 79 F
10 44 1 171 A
10 44 11 44 A
10 45 7 98 A
10 45 38 54 F
10 46 22 51 F
10 47 15 50 A
10 48 5 129 F
10 48 16 101 F
10 48 42 155 A
10 48 51 158 F
10 49 37 129 A
10 49 52 48 F
10 50 35 140 F
10 51 29 133 A
10 52 27 67 A
10 53 24 128 A
10 54 11 95 A
10 54 21 47 F
10 54 47 95 A
10 55 46 85 A
10 56 16 62 A
10 57 5 47 F
10 57 52 153 A
10 58 4 170 A
10 58 40 149 F
10 59 30 153 F
11 0 10 67 F
11 0 18 156 F
11 1 1 95 A
11 1 28 85 F
11 2 18 168 F
11 3 2 150 F
11 3 57 111 A
11 4 24 87 A
11 4 52 162 A
11 5 14 69 A
11 5 51 85 F
11 6 26 132 A
11 7 2 68 F
11 7 33 56 A
11 8 2 162 A
11 8 17 131 F
11 9 12 74 F
11 9 24 45 F
11 9 28 120 F
11 10 5 143 A
11 10 45 92 A
11 11 45 85 F
11 12 3 50 F
11 12 33 44 A
11 13 17 55 A
11 13 37 132 A
11 14 16 52 A
11 15 0 127 F
11 15 59 145 A
11 16 50 42 F
11 17 0 125 A
11 17 39 88 F
11 17 48 94 F
11 18 44 42 A
11 18 45 134 F
11 19 20 162 F
11 20 19 72 F
11 20 58 92 F
11 21 34 169 F
11 21 55 86 A
11 22 50 54 F
11 23 33 124 A
11 24 31 64 F
11 25 4 148 F
11 25 5 70 F
11 25 16 86 A
11 25 18 43 F
11 26 16 103 A
11 26 44 166 A
11 27 33 54 F
11 28 32 60 F
11 29 20 159 A
11 29 30 169 F
11 29 45 125 F
11 30 11 49 F
11 30 17 169 A
11 31 13 50 F
11 31 33 129 A
11 32 18 62 A
11 32 31 102 A
11 32 35 150 F
11 32 50 64 A
11 33 23 58 A
11 33 25 164 A
11 33 49 134 A
11 34 25 145 A
11 34 27 69 F
11 34 41 132 F
11 35 36 108 F
11 36 9 57 F
11 37 0 152 A
11 37 48 114 A
11 38 13 124 F
11 38 33 112 F
11 39 24 130 A
11 39 50 147 A
11 40 3 119 F
11 40 47 122 A
11 41 2 96 F
11 41 48 89 A
11 41 51 48 F
11 42 22 103 A
11 42 48 107 F
11 43 0 68 F
11 43 49 42 A
11 44 17 106 F
11 45 4 179 A
11 46 1 128 A
11 46 32 86 A
11 47 2 69 A
11 47 45 96 A
11 48 3 168 F
11 48 15 155 A
11 48 57 83 F
11 49 50 150 F
11 50 45 105 F
11 50 57 85 F
11 51 9 170 A
11 51 21 152 F
11 51 33 66 A
11 52 19 74 F
11 53 13 126 F
11 54 0 115 A
11 54 18 158 F
11 54 27 122 A
11 54 42 156 F
11 54 44 80 A
11 54 59 162 A
11 55 43 45 F
11 56 9 42 F
11 57 3 146 F
11 57 8 70 F
11 58 4 82 A
11 58 5 81 F
11 58 40 54 A
11 59 9 111 A
12 0 7 168 F
12 0 36 84 A
12 1 18 154 F
12 1 58 128 F
12 1 59 143 F
12 2 20 150 F
12 2 59 154 A
12 3 59 74 F
12 4 10 136 A
12 4 33 124 A
12 5 4 172 F
12 5 45 165 A
12 6 6 178 A
12 7 2 132 A
12 7 29 87 A
12 8 15 76 F
12 8 52 115 F
12 9 11 108 F
12 9 12 134 A
12 9 55 96 A
12 10 5 129 A
12 10 28 161 F
12 11 20 75 A
12 11 30 162 F
12 12 9 166 A
12 12 25 77 F
12 12 49 95 A
12 13 47 111 A
12 14 22 153 A
12 14 39 48 F
12 15 25 167 A
12 16 17 50 F
12 16 41 176 F
12 17 34 125 A
12 17 58 120 A
12 18 47 128 F
12 19 32 117 F
12 20 17 178 F
12 20 43 103 F
12 21 19 50 F
12 21 20 97 F
12 21 32 74 F
12 22 13 75 A
12 22 21 70 F
12 23 7 160 F
12 23 50 162 A
12 24 0 86 F
12 24 48 61 F
12 25 21 142 F
12 25 33 41 F
12 25 41 46 F
12 26 40 109 A
12 26 47 66 A
12 27 22 56 F
12 28 3 71 F
12 28 41 84 A
12 29 38 76 F
12 30 27 70 F
12 31 20 161 A
12 31 26 105 A
12 31 39 100 F
12 32 25 81 F
12 32 46 120 F
12 32 49 143 A
12 32 59 167 F
12 33 56 162 F
12 34 56 89 A
12 35 37 153 F
12 35 57 101 A
12 36 9 146 A
12 37 5 106 F
12 37 9 73 A
12 37 43 85 A
12 38 17 170 F
12 39 3 168 F
12 39 47 128 F
12 40 32 74 F
12 40 32 166 A
12 40 53 155 A
12 41 12 121 A
12 41 15 177 A
12 41 33 74 F
12 41 50 157 A
12 42 33 124 A
12 43 28 66 F
12 44 16 146 A
12 44 17 53 F
12 44 31 126 F
12 44 44 154 A
12 44 53 172 F
12 45 51 149 A
12 45 59 166 F
12 46 32 44 A
12 47 8 168 A
12 47 37 90 F
12 48 10 100 A
12 48 51 169 A
12 48 56 55 F
12 49 28 56 A
12 50 7 84 F
12 50 38 58 F
12 50 58 60 A
12 51 30 130 F
12 52 3 103 F
12 52 56 68 F
12 53 9 176 A
12 54 1 176 A
12 54 34 40 A
12 54 53 56 A
12 55 44 126 A
12 55 49 168 A
12 56 2 65 F
12 56 2 59 A
12 56 6 156 A
12 56 18 91 A
12 56 38 43 F
12 57 12 115 A
12 57 25 91 A
12 58 25 85 F
12 58 57 78 F
12 59 21 116 A
13 0 7 173 A
13 0 41 168 A
13 0 51 166 A
13 1 7 161 F
13 1 19 134 F
13 1 26 74 A
13 1 31 92 A
13 2 17 82 F
13 3 14 65 A
13 3 27 61 F
13 3 46 177 F
13 4 43 96 F
13 5 42 67 F
13 6 5 127 F
13 6 21 103 F
13 7 13 159 A
13 7 40 107 A
13 8 23 125 A
13 8 45 71 A
13 9 30 115 A
13 10 26 143 F
13 11 3 110 A
13 11 8 157 A
13 11 23 67 F
13 12 19 99 F
13 12 32 119 A
13 13 30 176 F
13 13 56 82 A
13 14 4 108 F
13 14 16 60 A
13 14 44 45 F
13 15 4 98 A
13 15 12 154 F
13 15 47 115 F
13 16 30 147 F
13 17 24 110 A
13 17 39 89 A
13 18 13 177 F
13 18 15 41 A
13 19 2 133 F
13 19 7 64 F
13 19 31 50 F
13 19 33 174 A
13 19 42 43 A
13 20 7 169 A
13 21 0 160 F
13 21 1 81 F
13 21 20 145 A
13 21 46 158 A
13 21 54 88 A
13 22 12 113 A
13 22 50 123 F
13 23 20 93 A
13 23 28 136 F
13 23 37 157 F
13 24 0 161 F
13 24 13 78 F
13 24 45 146 A
13 25 33 60 A
13 25 48 96 F
13 26 5 44 A
13 26 46 175 A
13 27 12 40 A
13 28 9 115 A
13 28 28 59 A
13 29 11 95 A
13 29 42 57 F
13 30 9 145 A
13 30 42 97 A
13 30 46 95 F
13 31 37 121 F
13 31 51 142 A
13 31 51 130 F
13 32 11 48 A
13 32 17 121 F
13 32 23 155 A
13 32 54 106 A
13 33 36 96 F
13 34 35 171 A
13 35 17 134 A
13 35 48 118 A
13 36 47 55 A
13 37 26 69 A
13 38 9 106 A
13 38 13 172 A
13 38 49 115 A
13 39 33 98 F
13 39 39 102 F
13 40 37 100 A
13 41 1 146 F
13 41 19 103 A
13 42 19 139 A
13 42 22 40 A
13 43 21 81 F
13 43 58 141 F
13 44 13 121 F
13 45 7 91 F
13 45 30 86 A
13 46 2 100 F
13 47 0 100 A
13 47 20 79 F
13 47 28 51 A
13 47 36 152 F
13 48 22 158 F
13 49 21 107 A
13 49 47 51 A
13 50 32 71 F
13 50 59 121 A
13 51 19 82 A
13 51 20 139 A
13 51 28 114 A
13 51 47 155 F
13 52 4 151 A
13 52 36 46 A
13 53 5 175 A
13 53 15 140 A
13 53 53 87 A
13 53 55 45 A
13 54 41 165 F
13 55 35 124 A
13 56 21 98 A
13 56 37 81 A
13 57 11 72 A
13 58 6 49 F
13 58 25 179 A
13 58 54 90 F
13 59 46 127 F
14 0 33 103 F
14 0 57 173 A
14 0 59 147 A
14 1 0 165 A
14 1 48 97 A
14 2 8 69 F
14 2 30 125 A
14 3 16 58 F
14 3 54 94 F
14 4 7 105 F
14 4 40 67 F
14 4 52 41 A
14 4 59 103 F
14 5 12 67 F
14 5 49 102 A
14 6 8 137 F
14 6 55 54 F
14 6 57 122 A
14 7 20 99 F
14 7 34 69 F
14 7 48 157 F
14 7 52 57 A
14 8 38 143 F
14 8 52 118 F
14 8 56 144 F
14 9 11 132 F
14 9 54 99 A
14 10 12 149 F
14 11 1 125 A
14 11 34 161 F
14 12 17 53 F
14 13 12 165 F
14 13 37 49 F
14 14 7 114 F
14 14 21 97 A
14 15 14 65 A
14 16 3 166 A
14 17 1 69 F
14 17 47 84 A
14 18 29 164 A
14 18 48 67 F
14 19 36 75 F
14 20 17 149 F
14 20 51 56 A
14 21 15 127 A
14 21 50 134 F
14 22 27 57 A
14 22 55 178 A
14 23 7 66 F
14 23 24 51 A
14 24 20 153 F
14 24 59 148 A
14 25 26 104 A
14 25 29 93 A
14 25 48 173 A
14 26 47 175 A
14 27 35 58 F
14 28 6 93 F
14 28 10 115 F
14 28 46 156 F
14 29 30 118 A
14 29 42 76 A
14 30 14 74 F
14 30 42 135 A
14 30 47 130 F
14 30 48 115 F
14 31 42 148 F
14 31 46 179 F
14 32 37 69 A
14 33 14 95 A
14 33 15 80 A
14 34 11 177 F
14 34 13 146 A
14 34 24 85 F
14 34 57 166 F
14 35 30 121 F
14 35 36 55 A
14 36 0 154 F
14 36 25 153 F
14 36 48 166 F
14 37 15 60 F
14 37 39 117 F
14 37 40 161 A
14 37 55 132 F
14 38 40 146 F
14 39 1 54 F
14 39 54 175 F
14 40 53 116 F
14 41 27 135 F
14 41 37 129 A
14 42 0 114 A
14 42 25 58 F
14 42 41 55 F
14 42 55 104 A
14 43 2 99 F
14 43 11 97 A
14 43 15 169 A
14 43 16 85 A
14 43 17 108 F
14 43 37 121 F
14 44 6 66 A
14 45 6 154 A
14 45 37 120 F
14 46 10 137 A
14 46 42 159 F
14 47 36 71 A
14 47 48 136 F
14 48 14 148 A
14 48 53 45 F
14 49 16 59 A
14 49 43 153 F
14 49 47 162 F
14 50 37 45 F
14 51 8 152 F
14 51 15 96 F
14 51 58 47 F
14 52 15 172 A
14 52 27 177 F
14 53 22 110 F
14 53 56 143 F
14 54 45 77 F
14 55 44 132 A
14 56 6 134 F
14 56 28 79 F
14 57 21 90 A
14 58 5 141 F
14 58 11 81 A
14 59 0 61 F
14 59 20 75 F
15 0 1 70 A
15 0 59 173 F
15 1 28 162 F
15 1 32 109 A
15 2 6 116 A
15 2 45 118 A
15 3 11 132 F
15 3 50 54 A
15 4 48 79 A
15 5 30 174 A
15 6 25 170 A
15 6 45 153 A
15 6 56 69 A
15 7 43 72 F
15 7 51 112 A
15 8 19 136 F
15 8 46 59 F
15 8 53 65 A
15 9 30 136 A
15 9 46 105 A
15 10 14 143 F
15 10 59 105 F
15 11 17 102 A
15 12 12 169 A
15 12 46 130 A
15 12 52 110 A
15 13 44 118 F
15 13 50 107 F
15 14 43 70 A
15 15 41 128 F
15 15 56 84 F
15 16 5 141 F
15 16 10 140 A
15 16 24 141 F
15 17 10 69 F
15 17 56 118 F
15 18 4 138 A
15 18 32 98 F
15 18 56 79 A
15 19 34 70 F
15 19 43 65 F
15 20 22 80 A
15 20 48 174 A
15 21 32 178 F
15 21 50 42 F
15 22 6 70 F
15 22 39 44 A
15 22 42 155 A
15 23 2 60 A
15 23 10 85 A
15 24 0 86 A
15 24 48 48 A
15 24 57 47 F
15 25 35 61 F
15 25 49 73 F
15 26 5 162 F
15 26 30 156 F
15 27 30 77 F
15 27 39 147 F
15 27 51 145 A
15 28 51 179 A
15 29 1 125 F
15 29 16 145 F
15 30 5 122 F
15 30 10 113 A
15 30 19 46 F
15 31 13 149 F
15 31 57 124 F
15 32 16 88 F
15 32 24 53 A
15 32 51 140 F
15 33 25 142 F
15 34 18 92 A
15 34 42 41 A
15 35 12 82 F
15 35 17 135 A
15 35 20 90 A
15 35 56 171 A
15 36 49 152 A
15 37 7 45 A
15 37 55 111 F
15 37 55 119 A
15 38 11 57 A
15 38 51 139 F
15 38 52 148 F
15 39 15 144 A
15 40 7 59 F
15 40 56 164 F
15 41 39 105 A
15 42 28 156 F
15 43 10 92 A
15 43 46 43 F
15 43 51 111 F
15 44 49 132 A
15 45 7 112 A
15 45 57 138 F
15 46 12 70 A
15 47 0 59 A
15 47 46 81 A
15 48 18 76 A
15 48 24 58 F
15 48 34 143 A
15 49 28 90 A
15 50 22 152 A
15 50 52 69 F
15 51 12 49 F
15 51 30 95 F
15 52 6 98 F
15 53 5 84 A
15 53 50 63 F
15 54 26 110 A
15 55 4 131 A
15 55 46 56 F
15 56 25 56 A
15 57 24 68 F
15 58 6 173 F
15 58 26 171 F
15 59 10 97 F
15 59 20 57 F
15 59 32 45 F
15 59 38 113 A
16 0 1 40 A
16 0 20 154 F
16 0 34 54 F
16 1 17 87 A
16 2 3 59 A
16 2 51 149 F
16 3 0 177 F
16 3 5 63 A
16 3 9 95 A
16 3 12 120 A
16 3 57 144 A
16 4 47 167 F
16 5 20 136 F
16 5 56 62 A
16 6 23 63 A
16 6 32 154 F
16 6 51 57 F
16 6 53 113 A
16 6 55 89 A
16 7 9 44 F
16 7 45 69 F
16 7 57 45 F
16 8 9 165 A
16 8 19 148 A
16 8 53 59 F
16 9 31 47 A
16 9 57 62 A
16 10 42 116 A
16 11 17 148 F
16 12 6 162 F
16 12 9 83 F
16 12 42 136 F
16 13 22 72 F
16 14 9 63 A
16 15 1 82 A
16 15 46 157 A
16 16 29 48 F
16 16 43 90 A
16 17 28 166 A
16 17 45 166 F
16 18 13 179 F
16 18 36 118 A
16 19 7 54 F
16 19 12 60 A
16 19 16 53 A
16 19 58 57 A
16 20 31 98 A
16 21 1 91 A
16 21 3 46 F
16 21 35 174 A
16 22 12 154 A
16 22 43 160 F
16 26 0 48 A
