08 46 51 FD-2717
08 47 11 ZI-2088
08 48 52 EL-8894
08 50 34 SZ-3078
08 50 57 XY-8616
08 51 51 FY-2063
08 52 42 AY-2194
08 53 37 YA-7525
08 54 02 ES-3647
08 55 08 AV-4564
08 55 48 KL-9578
08 56 03 DE-4490
08 56 50 LS-3203
08 57 07 LT-4076
08 57 48 WV-5078
09 01 06 GK-3407
09 01 52 ZU-6245
09 01 55 LB-7328
09 02 21 EB-2944
09 03 36 BJ-4930
09 05 11 NB-8631
09 06 07 HN-9314
09 06 32 LX-6981
09 07 55 VS-1521
09 09 07 OT-0502
09 09 26 FZ-4336
09 10 01 GK-0521
09 11 10 FY-8320
09 11 47 BU-9875
09 13 09 RW-5733
09 14 25 FS-3611
09 15 01 DO-0083
09 15 21 FV-2935
09 16 27 XU-8732
09 17 10 IU-3849
09 18 04 LZ-2780
09 19 14 SM-6556
09 19 32 DP-6135
09 20 15 ZA-9745
09 21 14 EZ-4295
09 22 40 RA-1527
09 24 14 XP-4672
09 25 23 SQ-6625
09 25 52 TZ-7037
09 26 21 FO-0435
09 28 00 RA-9598
09 28 20 XR-6772
09 29 14 YA-7536
09 29 32 YK-9375
09 31 01 CK-5976
09 31 08 KZ-7942
09 31 24 KY-5811
09 32 20 ZD-7357
09 32 51 LJ-2559
09 33 51 YA-3915
09 34 35 FU-2341
09 35 37 DI-6429
09 36 42 LX-6656
09 37 48 QI-0709
09 38 03 TW-7618
09 39 15 JP-7037
09 40 24 XL-7193
09 41 36 XF-6976
09 42 14 LE-0833
09 42 17 JN-8253
09 43 42 TF-4828
09 44 57 OZ-8183
09 45 59 II-4392
09 46 43 VV-8480
09 47 15 NO-1907
09 48 28 XB-2626
09 49 08 YP-5957
09 49 41 RE-1328
09 50 32 XA-6377
09 51 04 CK-0726
09 51 21 OU-5180
09 52 12 EV-7497
09 53 16 OE-8446
09 54 12 FX-1673
09 55 48 TT-0845
09 56 31 VD-9088
09 57 04 LU-0918
09 57 47 BL-0803
09 58 00 AW-7397
09 58 53 QI-1829
09 59 41 RL-1247
10 00 30 RQ-8890
10 01 04 UV-3161
10 01 50 MJ-4313
10 02 25 QA-4576
10 02 45 MZ-6227
10 03 27 DW-8261
10 04 33 OP-5922
10 05 01 UW-1192
10 06 14 TM-1281
10 07 02 LN-5680
10 07 52 DZ-6707
10 07 57 XH-0688
10 09 29 OI-9902
10 10 56 KK-0972
10 12 04 NR-1269
10 12 49 HW-1686
10 14 21 RT-1021
10 15 20 VA-0167
10 16 24 FR-6201
10 16 56 KU-6587
10 17 20 CG-4491
10 18 38 XD-7848
10 18 48 OY-1709
10 19 13 FO-8007
10 19 30 QT-5373
10 19 49 QM-3672
10 21 19 JQ-3154
10 22 24 YO-0524
10 22 30 JS-7911
10 22 50 GN-3867
10 24 24 SF-8951
10 25 46 CR-1019
10 25 56 JW-6176
10 26 37 DI-2797
10 27 04 HP-5197
10 28 19 BB-8519
10 29 55 QW-3248
10 30 53 WZ-6382
10 30 58 JB-1084
10 31 28 IW-9065
10 32 50 RK-7634
10 34 29 XG-0235
10 35 26 JE-5581
10 35 43 GV-9978
10 36 47 XQ-2257
10 37 12 OA-7063
10 38 33 ZN-1098
10 39 02 SM-5614
10 39 57 DJ-9459
10 40 28 XQ-6965
10 40 51 AO-5833
10 41 46 VX-3705
10 42 54 RQ-7931
10 43 24 NC-6506
10 45 03 DH-2465
10 45 45 BQ-5939
10 46 50 QM-4573
10 47 09 UT-2790
10 48 46 MX-1021
10 49 28 UW-6256
10 49 46 MV-6113
10 50 52 YZ-0459
10 51 11 FZ-3406
10 52 26 RE-4285
10 52 34 TT-1701
10 52 52 MT-5999
10 54 00 IB-1643
10 54 19 OO-2149
10 54 39 WJ-5646
10 55 17 AP-0800
10 56 31 VB-9322
10 57 28 NT-0182
10 57 55 AX-2051
10 59 08 TK-5479
10 59 19 RZ-0090
10 59 55 TC-0640
11 01 03 IN-5066
11 01 20 SC-5181
11 01 30 IT-7437
11 02 53 IX-2030
11 03 05 LF-4537
11 04 13 UB-0047
11 05 16 GT-5795
11 05 19 SW-9517
11 06 14 WC-0699
11 07 01 AF-2430
11 07 08 JL-8440
11 08 23 VQ-9592
11 09 28 OA-6389
11 09 57 SH-7297
11 10 48 KI-4097
11 12 07 QK-8868
11 13 08 VL-3663
11 13 49 HW-1538
11 15 03 HU-1774
11 15 33 OD-5992
11 16 05 FW-4032
11 17 39 ML-2934
11 18 55 VG-2275
11 19 49 HG-0347
11 20 08 SI-9871
11 20 30 RS-9404
11 21 28 HT-4749
11 23 04 RL-7798
11 23 23 EL-0785
11 23 59 LJ-7985
11 25 39 TI-4392
11 26 16 OE-4717
11 27 05 YK-1231
11 27 12 OY-5158
11 28 12 WM-2037
11 29 46 PY-6651
11 30 19 MC-5076
11 31 42 XL-0186
11 32 53 ZI-6787
11 33 15 IY-5858
11 34 16 HF-0040
11 35 34 KC-5813
11 36 55 VN-7689
11 37 52 DB-3277
11 38 41 TJ-6081
11 40 06 TE-7258
11 41 18 IV-3641
11 41 57 MQ-6121
11 42 36 BD-5370
11 42 41 VH-3482
11 43 04 PM-7092
11 44 24 XX-0905
11 44 35 IG-6735
11 46 05 LL-9637
11 46 33 KQ-2692
11 46 40 AT-9498
11 47 05 QS-8366
11 48 34 PA-2777
11 49 07 QV-9848
11 49 35 EI-0990
11 50 02 RZ-0013
11 50 38 EE-9483
11 51 50 FF-4282
11 53 17 LA-9128
11 53 29 NC-4213
11 53 34 XJ-4047
11 54 34 SE-6992
11 56 05 EN-5244
11 57 34 CH-5530
11 58 51 QL-6976
11 59 00 TR-1352
12 00 39 GC-0459
12 02 00 KZ-0029
12 02 20 MT-7045
12 03 14 PH-8255
12 04 42 KM-3011
12 05 58 NA-2446
12 06 44 NI-9234
12 08 04 LT-9218
12 09 26 XD-7831
12 09 30 KY-3658
12 10 58 NZ-1723
12 11 18 QA-4856
12 12 43 DO-5452
12 13 20 WF-6510
12 15 01 AC-9946
12 16 42 TK-8617
12 18 17 PJ-5565
12 19 23 OA-8601
12 19 46 XY-4649
12 20 04 EL-6483
12 20 46 SF-1920
12 21 12 GK-5289
12 22 06 GT-2513
12 22 46 MJ-0099
12 24 09 MR-4785
12 25 03 YO-3449
12 25 17 RS-2750
12 26 05 BC-0697
12 26 44 MU-8570
12 26 52 DO-8005
12 27 50 FV-4674
12 28 59 MD-3429
12 29 36 TS-0841
12 30 41 HU-6881
12 31 05 MW-1754
12 31 47 UX-1030
12 32 56 SM-5257
12 33 13 PH-5153
12 34 54 HT-1873
12 36 05 ZG-4536
12 37 41 HU-1903
12 38 52 BV-7147
12 39 55 GD-2909
12 41 18 OQ-8017
12 42 04 TA-6562
12 42 15 HS-8532
12 43 38 ZT-9195
12 44 08 PH-5616
12 44 48 QA-0079
12 44 51 AT-0923
12 45 52 QF-6422
12 46 09 UX-6512
12 46 27 AS-8521
12 47 43 DV-6520
12 48 44 GJ-7099
12 49 04 NQ-6618
12 49 21 TS-6573
12 50 41 UQ-0236
12 52 22 UB-9408
12 52 56 ZB-0208
12 53 26 HE-4562
12 54 23 HO-4183
12 54 43 DC-5821
12 56 00 SL-0839
12 56 08 XU-1904
12 56 48 LG-7305
12 57 12 TE-1119
12 57 40 JM-4042
12 58 07 SU-4667
12 59 22 DN-6079
12 59 40 ZY-7747
13 01 05 CH-1893
13 01 45 VP-6189
13 03 00 EM-3026
13 03 41 SM-5677
13 04 53 LY-7047
13 04 59 IA-0111
13 06 13 JW-5259
13 07 24 VW-5031
13 08 27 GL-2740
13 10 05 QB-6403
13 11 36 MX-4428
13 11 45 CL-7854
13 12 28 NY-9164
13 14 08 PQ-8950
13 14 32 UG-7903
13 15 01 BN-6910
13 15 24 XL-6035
13 16 28 SG-3130
13 17 42 OS-7879
13 19 23 JJ-0608
13 19 48 LE-8885
13 21 26 LI-0432
13 22 23 LF-7044
13 22 51 NV-6603
13 24 02 NJ-1053
13 24 59 PM-2524
13 26 09 KU-0133
13 27 51 XF-4566
13 29 26 HK-0414
13 30 05 SJ-5336
13 30 11 ZR-5853
13 30 50 HL-4724
13 31 57 QZ-1512
13 33 28 DB-9199
13 33 42 SO-2595
13 34 49 QM-0444
13 34 56 UW-0037
13 35 10 IS-3397
13 36 49 AK-2236
13 37 56 FS-9626
13 38 17 IY-6410
13 39 16 GK-6935
13 40 44 RK-3908
13 42 19 VM-5963
13 43 47 GP-5162
13 45 29 IE-7612
13 46 35 BD-5782
13 48 01 IP-5009
13 48 08 SI-6333
13 48 51 CL-1656
