08 51 51 FY-2063
08 57 07 LT-4076
09 02 21 EB-2944
09 07 55 VS-1521
09 13 09 RW-5733
09 19 14 SM-6556
09 24 14 XP-4672
09 29 14 YA-7536
09 34 35 FU-2341
09 40 24 XL-7193
09 45 59 II-4392
09 51 04 CK-0726
09 56 31 VD-9088
10 01 50 MJ-4313
10 07 02 LN-5680
10 12 04 NR-1269
10 17 20 CG-4491
10 22 24 YO-0524
10 28 19 BB-8519
10 34 29 XG-0235
10 39 57 DJ-9459
10 45 03 DH-2465
10 50 52 YZ-0459
10 56 31 VB-9322
11 02 53 IX-2030
11 08 23 VQ-9592
11 13 49 HW-1538
11 18 55 VG-2275
11 23 59 LJ-7985
11 29 46 PY-6651
11 35 34 KC-5813
11 41 18 IV-3641
11 46 33 KQ-2692
11 51 50 FF-4282
11 57 34 CH-5530
12 03 14 PH-8255
12 09 26 XD-7831
12 15 01 AC-9946
12 20 04 EL-6483
12 25 17 RS-2750
12 30 41 HU-6881
12 36 05 ZG-4536
12 41 18 OQ-8017
12 46 27 AS-8521
12 52 22 UB-9408
12 57 40 JM-4042
13 03 00 EM-3026
13 08 27 GL-2740
13 14 08 PQ-8950
13 19 23 JJ-0608
13 24 59 PM-2524
13 30 05 SJ-5336
13 35 10 IS-3397
13 40 44 RK-3908
13 46 35 BD-5782
