65
25
83
9 3 14 3 10 17
9 8 19 12 5 9
9 9 29 7 10 19
9 10 58 10 19 17
9 12 0 19 20 8
9 16 17 3 17 51
9 18 34 8 8 12
9 22 12 13 7 11
9 22 39 18 6 14
9 28 50 1 29 10
9 31 40 5 12 16
9 38 20 12 9 23
9 40 6 4 35 13
9 42 37 2 11 38
9 44 11 11 13 17
9 44 42 7 19 25
9 48 9 3 50 43
9 52 21 10 17 25
9 58 4 16 16 22
10 2 34 22 22 11
10 6 11 19 8 24
10 8 57 13 11 14
10 14 45 8 12 28
10 18 49 24 10 8
10 21 47 21 8 22
10 22 24 12 23 26
10 26 40 18 14 18
10 29 35 20 11 32
10 32 45 3 43 49
10 33 19 7 25 13
10 33 33 1 10 20
10 39 16 10 25 30
10 43 31 5 16 18
10 49 10 2 38 40
10 56 2 15 32 17
11 1 2 4 13 17
11 3 54 13 14 19
11 9 41 12 27 33
11 16 29 22 11 14
11 20 0 11 17 21
11 21 52 16 22 29
11 24 27 8 28 39
11 30 16 24 8 20
11 30 52 21 22 38
11 32 40 3 49 55
11 34 18 18 18 13
11 38 56 7 13 16
11 40 13 14 17 20
11 44 39 5 18 27
11 49 30 1 20 28
11 50 22 19 26 13
11 54 48 10 30 39
11 59 58 12 33 22
12 1 24 13 19 12
12 4 10 20 32 37
12 10 4 2 40 19
12 13 50 3 55 17
12 18 20 4 17 20
12 22 41 15 17 25
12 28 2 16 29 35
12 32 47 7 16 28
12 34 12 21 38 41
12 40 43 8 39 17
12 43 17 11 21 28
12 49 20 22 14 19
12 52 28 13 12 27
12 53 22 3 17 5
12 56 40 12 22 11
13 3 39 1 28 12
13 9 25 10 39 11
13 9 27 24 20 17
13 13 5 18 13 16
13 19 2 5 27 32
13 23 32 19 13 18
13 27 32 2 19 15
13 33 7 20 37 32
13 36 9 16 35 28
13 42 41 7 28 12
13 48 52 11 28 8
13 52 12 4 20 36
13 54 21 8 17 21
13 54 37 13 27 30
13 59 48 12 5 10
