6 1 0 6 2 25
392712621
6 13 31 6 18 15
442407028
6 29 39 6 34 7
712676212
6 44 7 6 51 37
297241726
7 4 0 7 12 18
565866886
7 24 29 7 33 13
166566516
7 49 17 7 56 36
865826206
8 17 55 8 22 21
414586306
8 45 40 8 51 21
716118757
9 8 34 9 10 36
565866886
9 14 42 9 19 17
231215421
9 23 53 9 26 9
696500077
9 32 57 9 35 34
583643771
9 39 57 9 41 10
392516252
9 44 49 9 45 25
762256824
9 49 49 9 50 40
716646345
9 56 20 9 57 40
631431046
10 0 33 10 4 10
398768266
10 7 10 10 9 34
631283182
10 12 34 10 14 53
392746060
10 21 58 10 22 44
824238334
10 26 43 10 28 31
397618418
10 31 18 10 34 45
267505842
10 36 0 10 38 0
281685640
10 40 56 10 45 9
212763810
10 47 29 10 49 49
281685640
10 56 12 11 0 55
392746060
11 4 43 11 7 42
716573357
11 10 37 11 16 21
392746060
11 23 2 11 23 30
716481028
11 25 43 11 29 1
796823702
11 33 48 11 34 13
394301623
11 41 29 11 43 13
361206275
11 47 3 11 51 6
716573357
11 57 31 11 59 1
431546527
12 3 47 12 5 6
394535174
12 32 26 12 33 30
138100078
12 38 57 12 39 52
281685640
12 47 4 12 52 37
565866886
12 59 25 13 2 25
113207278
13 8 50 13 11 46
281685640
13 16 28 13 19 29
375480805
13 23 49 13 25 54
565758448
13 31 17 13 32 30
714346720
13 34 48 13 37 22
716573357
13 42 46 13 44 53
715704877
13 52 11 13 53 27
881157107
13 58 27 14 3 44
473177057
14 10 22 14 11 17
714346720
14 19 12 14 24 25
412410573
14 27 19 14 31 26
478630720
14 36 12 14 40 45
867323353
14 46 34 14 47 23
767445223
14 52 9 14 53 3
688861311
14 57 1 15 0 22
477337448
15 2 37 15 7 55
418861311
15 15 41 15 19 28
221623208
15 25 5 15 29 12
165555618
15 33 16 15 34 51
614761384
15 40 48 15 45 46
682503335
15 52 18 15 53 42
646830328
15 58 1 15 59 59
713544421
16 3 3 16 5 36
874533786
16 29 38 16 34 58
528208481
16 52 34 16 54 29
173583677
17 18 25 17 26 31
622713308
17 49 44 17 54 13
391505271
18 8 48 18 17 38
424408282
18 33 3 18 36 27
783426333
18 55 11 19 2 39
385641234
19 20 3 19 24 54
472184487
19 45 2 19 53 45
432752572
20 3 18 20 9 2
134771866
20 28 24 20 33 1
718243750
20 39 26 20 42 2
284424535
20 58 39 21 0 40
661836544
21 20 55 21 27 46
565866886
21 44 37 21 52 38
822587003
22 2 3 22 6 11
268587300
22 24 46 22 29 30
734468211
22 44 46 22 46 25
263134032
22 58 34 23 3 20
712272350
23 19 4 23 28 50
713563064
23 47 11 23 48 43
682524752
23 58 2 23 59 48
484566325