2 392712621
5 442407028
5 712676212
8 297241726
9 565866886
9 166566516
8 865826206
5 414586306
6 716118757
3 565866886
5 231215421
3 696500077
3 583643771
2 392516252
1 762256824
1 716646345
2 631431046
4 398768266
3 631283182
3 392746060
1 824238334
2 397618418
4 267505842
3 281685640
5 212763810
3 281685640
5 392746060
3 716573357
6 392746060
1 716481028
4 796823702
1 394301623
2 361206275
5 716573357
2 431546527
2 394535174
2 138100078
1 281685640
6 565866886
4 113207278
3 281685640
4 375480805
3 565758448
2 714346720
3 716573357
3 715704877
2 881157107
6 473177057
1 714346720
6 412410573
5 478630720
5 867323353
1 767445223
1 688861311
4 477337448
6 418861311
4 221623208
5 165555618
2 614761384
5 682503335
2 646830328
2 713544421
3 874533786
6 528208481
2 173583677
9 622713308
5 391505271
9 424408282
4 783426333
8 385641234
5 472184487
9 432752572
6 134771866
5 718243750
3 284424535
3 661836544
7 565866886
9 822587003
5 268587300
5 734468211
2 263134032
5 712272350
10 713563064
2 682524752
2 484566325
