30 12 8 8 +
12 6 20 6 +
12 12 27 6 +
25 30 10 20 +
4 15 27 20 +
8 20 8 30 *
30 5 75 30 +
18 2 9 50 +
12 50 25 6 +
6 8 12 6 +
30 18 12 15 +
10 4 12 3 +
6 6 50 12 *
8 6 6 4 *
10 4 45 4 *
2 75 75 8 *
8 4 4 30 *
8 12 30 6 +
3 12 10 50 +
15 10 9 10 +
30 20 8 30 *
5 20 4 12 +
2 6 20 20 +
25 10 10 30 *
12 5 45 10 *
2 4 10 12 *
12 45 10 6 +
50 12 4 12 *
20 2 50 2 *
12 27 20 2 +
30 15 2 75 *
1 30 8 9 *
12 4 20 30 *
4 15 12 30 +
20 75 50 75 *
3 45 45 10 +
20 4 30 6 +
12 20 25 15 +
20 6 2 18 *
8 75 3 50 *
10 75 5 10 *
8 10 75 6 +
9 2 10 30 *
