96 7 55 34 8 0 30
98 7 56 59 8 1 36
100 7 58 5 8 1 39
102 7 59 29 8 4 17
103 8 0 28 8 5 56
104 8 1 49 8 6 37
106 8 4 18 8 6 51
108 8 6 9 8 10 57
112 8 9 39 8 12 43
113 8 10 42 8 13 30
114 8 11 26 8 15 43
115 8 11 52 8 17 13
117 8 13 13 8 17 38
119 8 15 4 8 18 4
120 8 15 57 8 20 39
122 8 17 1 8 20 40
123 8 17 28 8 22 17
126 8 19 40 8 24 51
130 8 23 6 8 25 54
131 8 24 20 8 29 40
137 8 27 38 8 31 42
138 8 28 43 8 33 27
139 8 28 49 8 34 10
143 8 30 53 8 34 26
145 8 31 56 8 35 0
146 8 32 11 8 35 40
148 8 33 51 8 39 22
150 8 35 45 8 41 11
152 8 38 1 8 43 42
154 8 39 51 8 44 23
156 8 41 17 8 45 42
159 8 42 14 8 45 53
160 8 42 37 8 47 47
162 8 44 4 8 49 1
166 8 48 23 8 50 44
167 8 49 22 8 52 29
168 8 50 32 8 55 22
169 8 51 12 8 56 5
173 8 54 39 8 56 53
174 8 54 42 8 57 42
176 8 56 39 9 1 51
178 8 58 1 9 2 27
182 9 2 7 9 6 1
183 9 2 53 9 7 29
184 9 3 59 9 8 42
187 9 5 4 9 8 57
190 9 6 26 9 10 4
191 9 6 46 9 10 10
193 9 8 7 9 11 25
195 9 9 4 9 13 12
198 9 10 42 9 13 38
200 9 12 43 9 14 44
201 9 15 26 9 19 11
206 9 18 17 9 20 39
208 9 18 45 9 23 31
209 9 19 49 9 24 48
214 9 23 59 9 26 28
215 9 24 0 9 28 6
218 9 25 53 9 28 43
220 9 26 37 9 29 24
224 9 28 46 9 33 14
225 9 29 43 9 34 13
227 9 31 30 9 35 55
232 9 34 13 9 38 50
234 9 35 55 9 39 28
235 9 36 8 9 39 44
237 9 37 44 9 41 36
238 9 39 5 9 41 52
239 9 39 51 9 43 46
242 9 43 56 9 48 8
243 9 44 36 9 48 47
244 9 45 52 9 49 46
247 9 48 45 9 50 1
248 9 49 12 9 54 9
250 9 51 40 9 55 39
253 9 55 30 9 58 1
254 9 56 5 10 0 22
255 9 57 25 10 1 15
257 9 59 8 10 4 22
262 10 1 40 10 6 41
268 10 4 59 10 9 30
271 10 7 50 10 10 48
272 10 8 46 10 13 37
277 10 11 53 10 16 18
280 10 14 28 10 19 2
281 10 15 27 10 20 10
282 10 16 33 10 21 18
284 10 17 36 10 22 37
286 10 20 5 10 25 45
290 10 23 5 10 25 47
291 10 23 7 10 26 55
293 10 24 14 10 28 45
300 10 26 52 10 30 20
302 10 28 43 10 31 25
304 10 30 6 10 35 31
308 10 33 49 10 38 18
309 10 34 54 10 40 0
312 10 38 41 10 40 28
314 10 40 1 10 42 59
315 10 40 47 10 45 6
317 10 42 19 10 45 50
318 10 42 23 10 46 17
320 10 43 42 10 48 0
321 10 44 5 10 48 7
323 10 46 23 10 49 4
324 10 46 46 10 51 12
326 10 47 5 10 51 44
327 10 48 19 10 52 15
329 10 49 32 10 54 0
334 10 52 31 10 54 53
335 10 53 29 10 56 1
336 10 53 34 10 56 4
337 10 54 4 10 59 34
341 10 56 43 11 1 46
342 10 57 26 11 2 44
346 11 0 30 11 3 17
347 11 0 52 11 5 29
350 11 2 44 11 5 40
352 11 4 19 11 8 54
354 11 6 25 11 9 50
355 11 7 24 11 12 25
359 11 10 52 11 14 29
360 11 12 4 11 15 15
361 11 13 22 11 15 52
362 11 13 54 11 18 59
367 11 17 17 11 19 37
368 11 17 47 11 20 27
372 11 19 42 11 24 19
374 11 20 13 11 24 48
376 11 21 49 11 25 14
377 11 22 58 11 26 52
378 11 24 7 11 29 18
380 11 25 34 11 30 6
383 11 28 19 11 32 32
384 11 28 48 11 33 36
386 11 31 5 11 36 4
389 11 32 48 11 37 5
391 11 35 12 11 38 57
393 11 36 10 11 41 13
402 11 39 49 11 43 50
404 11 41 18 11 44 0
406 11 42 23 11 45 48
407 11 42 31 11 47 27
409 11 44 38 11 47 51
410 11 45 11 11 48 54
412 11 47 48 11 51 36
413 11 48 50 11 52 18
415 11 50 24 11 53 12
416 11 50 36 11 53 34
417 11 50 36 11 54 26
419 11 51 14 11 55 25
420 11 51 58 11 55 37
421 11 52 48 11 57 10
422 11 52 50 11 57 43
423 11 53 14 11 58 37
425 11 54 50 12 0 22
428 11 57 30 12 2 29
432 11 59 25 12 3 46
