38522 18000
86379 0
79906 12300
92210 15200
49812 15400
26753 23100
97969 0
33366 18000
22510 13700
90561 16800
59966 29700
41456 24600
45156 28200
76032 12000
79028 21300
21210 27700
76500 15100
38722 14700
29556 13900
42220 0
66550 14700
90844 96000
78384 64800
29279 70400
18167 140800
72311 149600
15974 154400
82049 48000
76469 48000
29487 68000
26395 122400
39637 39200
97723 150400
84103 33600
19516 28800
65118 260600
74853 384000
76092 140000
86861 225600
98489 84000
15095 88000
31231 128800
34233 130200
39499 125400
53972 144000
50050 87000
21929 100800
87586 149400
47026 63000
58059 57600
43181 117600
17487 119400
85448 70800
42848 72000
50751 72000
24510 43200
58259 130800
17219 137400
23530 111600
51751 69600
30893 48000
95959 48000
82851 48000
40406 48000
54361 156800
40830 61600
48665 48000
35968 48000
33929 96000
85799 174400
12905 54400
55384 126400
35523 132800
42603 288000
77863 147200
55311 56000
62636 36800
36372 126400
42357 212800
43023 76800
95718 96000
31996 21600
90017 0
94360 16300
51977 11000
78743 13500
54785 14000
66477 12100
37891 18300
99795 0
44038 16000
83397 11100
20000 20900
24151 16100
64784 16000
55875 29000
90151 28500
61596 26600
18134 0
79263 15500
18949 20500
59222 24900
10988 16000
41894 11200
81381 17900
32014 82400
93340 134400
18529 216800
58151 150600
72172 168800
91330 25200
66772 127200
60822 249100
65151 48000
10507 126000
76050 79200
54400 95400
91608 64000
76707 64000
21781 160200
66750 64000
57189 64000
69117 94800
59646 26000
12928 26000
66676 21400
29682 13100
20743 0
20137 15700
68361 21900
40461 18900
58029 0
93456 13700
40585 17800
81223 11200
98137 11200
34335 20000
51673 18900
53590 26200
65864 24900
96867 16100
84496 0
55715 20900
68396 150600
84317 14800
56255 11100
77577 16600
73907 14500
10388 22000
46422 22200
44777 15500
28686 17600
93601 150600
73760 130800
38317 78000
48143 97200
46063 133200
90193 154200
66343 141000
34846 91800
99986 151800
80427 87600
11105 53400
80744 47400
69089 131400
44774 97800
51755 148800
41078 48000
33003 48000
16830 48000
65422 145200
90356 80000
83904 196000
24980 217600
73850 204000
74143 100000
59801 563200
73011 70400
79963 70400
46529 70400
49650 70400
62874 70400
56569 70400
31918 70400
49774 35200
62766 70400
57251 70400
50005 70400
11674 70400
84449 64000
29437 171200
24131 239200
86885 181600
79197 27400
87182 13100
43476 20400
67657 16000
60981 10000
50266 27900
60989 25100
10934 14400
73457 19100
97701 21000
22213 19000
57449 15800
49395 28400
79359 17800
68371 24200
70573 0
15284 10400
53875 23200
96179 11900
97519 0
13656 24200
29904 0
34197 27300
29963 15600
95158 17500
11401 16800
71181 26400
39022 13300
56516 16500
17355 17800
82776 12000
34093 12000
10962 12000
96094 18100
48154 29900
81752 0
63774 204000
96552 28800
80018 147200
12995 28200
53817 0
18836 0
86387 45600
38358 22700
40085 0
19310 25900
80884 13500
82501 0
49645 0
86017 19200
69059 27100
67071 0
72278 20200
24431 12000
88380 19200
68881 23300
85165 24000
90309 20000
82727 28800
75738 14200
61685 21000
81116 12700
21119 23400
41386 0
44627 15100
53715 0
44878 21700
63220 17200
44931 21700
45731 25900
47376 0
67060 0
97446 0
55328 0
23717 10600
52112 27400
96321 25200
71812 22700
45394 16000
93891 0
60444 0
29714 0
18736 96000
47897 79800
26878 72000
54530 233300
91293 176400
39267 87600
60544 96000
94228 96000
18184 106200
61923 96600
31058 28200
47057 96000
93671 96000
11149 113400
66775 81600
26690 45000
25677 103800
37411 46200
18842 51600
59091 43800
29892 47400
36122 161400
66069 97800
11808 196000
18903 193600
63761 70400
82629 144800
35330 126400
37480 1153600
92673 161600
25360 94400
52953 52800
77877 38400
67446 65600
73799 212000
61002 640000
63943 132800
91970 43200
50317 123200
33238 89600
97353 188800
62464 144800
34964 36800
65718 43200
53663 48800
48979 216000
49755 185600
26853 49600
71567 36800
45255 72000
51465 89600
63654 222400
27972 60000
69990 60000
71612 60000
48240 60000
27836 60000
22336 60000
12438 147000
83426 109200
97489 91800
21415 111000
21073 60000
90734 60000
15737 60000
90136 171600
35678 43200
61287 95400
72401 31800
84515 0
12515 14100
16264 0
71212 20900
42017 27700
48855 15200
38696 0
53390 0
15918 20500
68826 23400
68468 18800
34662 10900
41770 12700
74346 29700
97993 0
44938 19700
29207 28700
94067 28600
43266 20900
63332 0
30777 19500
19339 27300
52699 18900
56227 28100
75622 26700
42837 22600
80181 14700
90558 22400
48105 23600
12479 27800
22075 0
85243 0
28430 28100
21105 10200
46543 13400
21582 21800
76160 19500
25314 0
38551 15400
10843 11600
53090 0
61579 26500
52447 0
64927 10000
73098 11600
30798 18500
96368 10900
62945 25300
77670 20700
14348 0
65543 21900
41668 18000
98196 18800
42027 18000
90127 10000
64569 0
48271 12300
69728 52200
58947 165000
10495 72000
22887 72000
88798 37200
10950 167400
46812 139800
42616 32400
75202 102000
55517 102000
55574 31200
13949 72000
87398 68400
93085 36000
57698 36000
61870 44400
58481 118200
64661 47400
59411 144000
25964 107400
41384 210400
39200 102400
93834 104000
90011 219200
54168 192000
54208 222400
37973 127200
52604 240000
51683 101600
68434 174400
84226 214400
42423 168800
57843 162400
73916 98400
69341 124800
81463 72800
44978 68800
53486 132800
24487 233600
75338 231200
33826 156800
92905 181600
39761 142400
33032 214200
89060 28200
47997 134400
27329 187200
54143 103200
23010 48000
60792 213600
97052 74400
77296 116000
33534 81600
77884 124000
74609 178400
58014 374400
14248 166400
26955 40000
78747 76000
26308 218400
74835 131200
61324 91800
56788 102600
26766 31200
57428 57600
93666 120600
87083 147600
75008 174000
30504 111600
98791 113400
33764 105000
74410 35400
19586 79800
98769 72000
47371 72000
23434 72000
38792 72000
88594 169200
63031 177000
90775 68400
34645 52800
66309 164400
15558 97200
31451 20900
73683 10000
23008 10000
56492 10000
30863 10000
47751 0
54115 16900
95826 10000
23231 10000
95645 0
25359 0
60493 12100
13779 0
75797 20200
86719 17300
88414 29900
83360 15400
16549 0
33724 0
33347 0
85862 104800
46616 81600
82966 58400
87011 114400
91002 212000
86409 238400
21252 64000
61735 162400
97812 67200
25820 78400
95126 37600
65000 61600
67529 123200
21824 238400
12345 107200
