22525
2276627
23
244
244632566
2525
2527
252728
252798
25227669
2562
257945
25828
264925
2692
272
27269
2726967
272
27925
279825
2827
222
224659
225
22567
225879
225
22572
22582
22762
23834
242752
2454627
24752
2492566
26542
265663
267
26732
2676882
2677
28632
2662
28567
2725
272827
27363
27377
27442
2745524
274962
276624
27668
276764
32423
3242798
325
32565
32722
337952
346693
36546945
36564
3662
32
3238
323837
3493637
3493945
3523
3525828
352725
352727
35358
35335358
353658
354258
35425
3544838
3547637
357358
35792523
358379
358379
3584735
36237
373
3745
37945
32
3249
32523
325
32528
325286945
3258
325874
327527
3293527
335
335793
335383
335383345
3357945
335838
33523
3352668
33533
33535
3353635
33547637
335535
3356349
335653
3378
342825
34666
34938
363767
364
36427
364367
3649
3658
3658
365869
366
36625
3666923
36669238
367428
3677
388
422662
42727
429
429324
437359
4662
4663
466365
466679
4822
4925674
49256765
492564
4927276345
493643
4937
4937635
4937892
4945565
496667
49677
4985523
422
42267
422945
4249
424962
425
42527
425545
425625
4256256345
4258
425
4252798
4255
4255428
425669
425688
42627
4268
4264
426492
42724
4272467
427247945
427264
42727
427267
42747692
427
42723
42727
4282566
4298345
4349
4359
437823
4378238
4422
44334
4479
448
4653
466565
4673
467369
469
4822
4855
485528
48752
48788
433436
4429
4429428
4533
453798
4537
462
4632
46385
464
464936
4683438
47449
4744935
47637
47945
4825
4828
48827
49923
5349
584
52224
52527
52527
5252767
5254852
526
52622
527
52727
52722
5278
527
5273
527452
52773732
52792
528662
532753
532753225
533837
53437
5363623
536
536337
53735
53737
5373738
5373798
537379835
5378
542668
54274
543745
546349
5463838
547
56274
562747
562762
565385
565387
5662
566367
567279
567525
56772
567
5682
58522
58527
5875268
58782
58892
52545
525632566
527
527726
53373798
533358
535
54798
5662
567
5682465
56827
5985
598527
59852798
622752
623924
624
62427
62522
62566
627
62723
62742
62765
6343353353945
6344249
634425
634469
6344533
634527
63453737
6346663
6346948
6346966
634653
63465827
634738836
63474728
634792465
6347933
634793738
6348379
63482725
6349
6344945565
63534
6355
6369
63669
6373
637793
647449
6627567
6663
667
66765964
68528
68652
68828
6249
62492892
627
6276682
633837
6338373345
636938
63838
6925
692579478
6925256345
6935
69358
6935837
693734
69377
6937
6948
6948688
63827
638276345
6567
65676345
65828
6525
653
65325
658
65823
65827
6582798
674662
677
6786765
678622
67867
723
726279
727
7272798
7278
7279859
728565
73273693
7359437
737
7472
74767
74767545
7479565
7479567
747965
767
76767
7842
78485
722
72423
724964
725
725
7358
73634
7363
7373798
737935
7379538
738836
73937
76649
76779
7842
7258
72752
7275
7288
732
73239
735936
73737
7438
74538
7677
784262
7882
792223
7924
792465
792523
792523
792524
792562
79256662
792752
79278
7927827
7933
793337
7934
793537
7936
793674552
79368
793669
79366937
79373536
793736273
793738
79373838
793739
7943
794582
79482
796545
7965692
796542
79665
7966527
796652945
796766428
796767
796785
798765
82527
8257
82685
82692
827279825
827479692
8278
828279
83437
835
83537
83537
835468
8367566
836437
837435
837437
8378
8379
8387945
8388
838837
838837
847982
847983534
8655
865825
86582556345
86765
883
83827
8428
84745
855
85527
862856945
8827
8822
825
825
82527
8277
827
827824
83337
837
83737
8379
838
83938
84279
8427967
84552
8479
8479538
84937
866
922
9732
